NORMAL
S
21098
41890
58091
51089
48970
48790
27019
21097
21097
21079
67190
58097
37980
57019
37190
27081
27081
27018
27018
21078
68710
67180
61870
41870
58071
57081
57018
37810
28096
26089
24098
64980
48960
46980
46890
61290
21096

A
41920
25089
61940
61490
38290
30928
23089
58096
56098
45890
38690
36980
43980
43890
38940
38490
31920
61590
41950
41590
61390
36190
27096
27069
27069
43910
34910
34190
58039
47690
46970
35190
25079
25079
37920
23097
23079
67590
65790
37960
37690
43790
37940
34790
37950
35790
68210
28014
21084
68140
48160
46810
41860
51082
21058
38120
23081
23081
21083
21038
68150
65810
61580
48510
48510
41850
38610
36810
36180
68720
43810
41380
34180
47280
27048
24087
67480
46780
71260
71240
41720
24071
58031
35180
57082
57028
67140
61470

B
46710
37820
27083
27083
27038
27038
23087
67580
67580
65780
57084
48570
47580
71250
57021
25017
38760
48730
43780
38740
38470
34870
71230
37210
23017
67150
65710
61570
57016
41750
41570
63710
61730
61370
41730
41370
34710
58037
57083
38750
37580
42690
26094
53071
53071
37510
35710
65920
26095
26059
54092
42590
25049
25049
24095
24059
23096
43290
24093
65940
64950
46590
64930
64390
36940
34960
35290
25093
25093
65390
63950
63590
36950
36590
35690
54093
53094
53094
53049
45930
64280
42680
64120
42610
24016
58026
28056
28056
48520
42580
24085
24058
38620
23086
23086
23068
48320
38420
28043
65840
48650
48560
46850
45860
61520
51026
25016
54021
54012
41520
25014
25014
21045
48360
46830
38460

C
34680
63120
61230
26031
23061
23016
43210
42310
34210
34120
24013
65410
64510
64150
56041
53082
35280
28053
25083
64310
64130
63140
61340
46310
36410
36140
34160
67420
42670
27064
24067
65380
58036
38560
36580
35680
53048
48530
48350
38540
34850
35210
61350
36510
27065
27065
26057
26057
25076
54013
43150
41350
34150
42570
63720
42370
34720
24037
67450
54067
47650
47560
46750
67430
47630
43760
37640
36740
34760
34670
53072
53027
37520
35720
65370
63570
37650
37560
36750
57043
57034
53047
53047
47530
47350
43750
43570
34750
65420
64520
56024
54062
45260
42650
42560
64320
63240
46320
43620
42630
42360
34260
26034
63250
36520
35620
23056
23056
54023
45230
42350
35420
34250
25043
25043
24035
23054
23054
65430
63540
54063
46350
36450
34560

JOKER
S
33330
35330
53053
53035
35350
33550
35550
43330
33430
33630
53043
53043
35430
63350
35630
35360
23033
55043
55043
53054
53054
63550
35650
33520
33250
25033
55023
55023
53052
44330
43430
64330
63340
46330
36430
45430
35440
34450
43320
42330
34230
55052
55052
25055
66530
65360
63650
63560
35660
63320
33620
55044
65450
65450
55064
55064
55046
55046
54065
33220
23032
22033
22033
54025
45520
45250
42550
64430
46340
36440
34640
23025
23025
22053
22053
22035
64630
43660
36640
45440
65440
64450
54064

A
46450
44650
44320
42340
66630
54066
46650
25025
63620
63260
54042
54024
45240
42540
66650
66560
42320
34220
24023
23024
22043
66520
65620
26023
23026
22036
45220
25024
25024
22045
46440
64640
46460
66640
46660
22023
42640
64620
64260
42660
66660
25022
66620
22044
42620
22046
22042
22024
22026
53073
53037
53037
33750
33740
55075
63730
37630
37320
37230
57054
55074
55047
55047
47550
33310
65750
55076
53013
35310
33150
34470
25057
25057
55013
53051
35510
33380
36760
47540
45740
45740
53083
53083
33580
43310
33410
55015
67650
67560
65760
63310
63130
36310
58035
55083
55038
55038
38550
37220
23072
23027
22037
33120
23031
23031
21033
48330
38430
34830
33480
55085
55058
55014
54015
45510
47440
44470
67440
64470
47640
68330
38630
36830
36380
61550
25027
25027
22057
22057
67640
67460
64760
46760
43140
41340
66670
23038
55021
51052
21055
55084
55048
55048
48550
27066
61630
36160
45140
24072
24027
22047
65160
61560
48340
44830
38440
26027
58052
68630
36680
48540
48450
44850
22031
22031
27022
68560
64140
46410
46140
25021
22051
61460
44120
21044
23082
23028
23028
22083
66610
61660
44840
44480
58022
22058
22058
46680
24021
24012
22041
21042
24084
21062
66680
42280
28024
24028
22048
22012

B
33930
53093
55093
33940
55059
55059
63930
33960
65950
55069
37730
37750
25095
63960
36690
44950
57075
55077
43770
34770
67730
37760
36770
23092
22039
47750
47570
45770
67570
65770
44940
44490
64940
46940
46490
27037
37310
25029
22059
22059
46690
46690
27075
42490
24094
66690
47740
38730
37830
37380
33780
51057
67470
64770
47760
47670
46770
42290
24092
22049
47270
24077
27076
27076
55078
22029
22029
33110
41740
38310
33810
51051
67610
66710
61670
34110
48740
61310
54011
45110
41510
41150
68670
67680
61510
61150
58038
53088
53088
71220
21031
25011
25011
28072
28027
64110
61410
41160
38840
34880
38680
61160
21041
41480
61120
38820
23088
68160
61860
61680
25088
53030
53030
53003
35300
35030
33500
30530
22011
22011
46880
53050
35050
68680
21028
28084
24088
24088
55097
55097
55079
43300
40330
33400
50055
50055
28086
63030
60330
36300
33600
33060
54003
63500
63050
60530
60350
53006
50036
36050
35600
35060
55040
55004
54005
50023
50023
35200
35020
30250
55060
50056
50056
33190
31930
34040
64300
60430
60340
46030
36040
50052
50052
25050
25050
20055
66030
63600
63060
60630
60360
54004
50044
44500
65400
60450
45060
40650
42300
40320
23040
20043
38390
63020
36020
30620
26003
23060
50066
67690
45020
60520
56002
50026
26005
25060
25060
25006
23020
22003
22003
47770
40440
64400
60440
40640
50022
50022
22050
22005
22005
66040
64060
60460
46600
46060
40660
40420
20044
64200
60420
42600
20046
37710
27077
66020
60620
60260
20066
57017
41490
24020
22040
22004
22004
22006
22006
20062
61690
47170
22002
22002
68690
71270
21077
57011
27078
27078
71160
61170
71210
27011
27011
38110
51081
41110

C
37300
37030
33700
53007
50073
50073
50037
37970
25099
25099
64990
47030
43700
37400
48810
60730
60370
37060
36700
61880
24099
40570
60750
50067
37020
20037
57020
50072
50072
25007
25007
20057
53010
35010
27079
47040
40740
40470
60740
60470
47600
46070
40670
28088
38300
38030
33080
51050
53080
53080
53008
50038
35080
66700
60760
47020
42700
40720
40270
20047
40310
67200
60720
27006
60310
60130
36100
30610
55080
50085
51040
45010
40510
61500
61050
60510
56010
23010
27020
27020
22007
22007
38400
38040
60830
60380
38600
30860
50012
58040
48500
48050
40580
65800
58060
56080
50086
50068
50068
38020
30820
23080
23008
44010
40410
64100
61400
41600
25080
25080
25008
25008
61060
60610
60160
41200
61200
60210
60120
20061
20061
40480
60480
48060
46800
46080
60680
48020
40820
24080
22010
22010
22001
22001
61910
61190
58098
21091
22008
22008
20082
71170
53090
53009
50039
50039
35090
37990
50059
40930
40390
34900
34090
60930
60390
36900
36090
71180
45090
60590
50096
23090
37700
30770
31990
44900
40490
64090
60490
46900
40690
40290
60290
26009
58099
67700
60770
22009
22009
27070
27070
51007
50017
50017
38700
38070
30870
57080
50087
47010
41700
71060
61700
60170
71200
27010
27010
48070
40780
68700
60870
60780
71190
28070
27080
27080
27008
38100
31800
50018
50018
61100
60110
38800
50088
21010
40810
60180
48080
60880
28008
53000
35000
37090
57009
50097
50005
50005
63000
60300
45000
40500
40050
47090
60500
20030
60970
60790
50020
50020
25000
20050
20050
60400
40600
40060
50019
50019
60600
60060
20040
60200
50098
50089
41900
41090
60910
22000
22000
48900
60980
60890
71070
20098
71100
50099
50007
47000
60070
38000
40100
40010
60100
20010
60800
60080
50090
60900
60090
81000
40000

